!
!
!
841 718.0000 0 802.0000
718.0000 0
718.1000 0
718.2000 0
718.3000 0
718.4000 0
718.5000 0
718.6000 0
718.7000 0
718.8000 0
718.9000 0
719.0000 0
719.1000 0
719.2000 0
719.3000 0
719.4000 0
719.5000 0
719.6000 0
719.7000 0
719.8000 0
719.9000 0
720.0000 0
720.1000 0
720.2000 0
720.3000 0
720.4000 0
720.5000 0
720.6000 0
720.7000 0
720.8000 0
720.9000 0
721.0000 0
721.1000 0
721.2000 0
721.3000 0
721.4000 0
721.5000 0
721.6000 0
721.7000 0
721.8000 0
721.9000 0
722.0000 0
722.1000 0
722.2000 0
722.3000 0
722.4000 0
722.5000 0
722.6000 0
722.7000 0
722.8000 0
722.9000 0
723.0000 0
723.1000 0
723.2000 0
723.3000 0
723.4000 0
723.5000 0
723.6000 0
723.7000 0
723.8000 0
723.9000 0
724.0000 0
724.1000 0
724.2000 0
724.3000 0
724.4000 0
724.5000 0
724.6000 0
724.7000 0
724.8000 0
724.9000 0
725.0000 0
725.1000 0
725.2000 0
725.3000 0
725.4000 0
725.5000 0
725.6000 0
725.7000 0
725.8000 0
725.9000 0
726.0000 0
726.1000 0
726.2000 0
726.3000 0
726.4000 0
726.5000 0
726.6000 0
726.7000 0
726.8000 0
726.9000 0
727.0000 0
727.1000 0
727.2000 0
727.3000 0
727.4000 0
727.5000 0
727.6000 0
727.7000 0
727.8000 0
727.9000 0
728.0000 0
728.1000 0
728.2000 0
728.3000 0
728.4000 0
728.5000 0
728.6000 0
728.7000 0
728.8000 0
728.9000 0
729.0000 0
729.1000 0
729.2000 0
729.3000 0
729.4000 0
729.5000 0
729.6000 0
729.7000 0
729.8000 0
729.9000 0
730.0000 0
730.1000 0
730.2000 0
730.3000 0
730.4000 0
730.5000 0
730.6000 0
730.7000 0
730.8000 0
730.9000 0
731.0000 0
731.1000 0
731.2000 0
731.3000 0
731.4000 0
731.5000 0
731.6000 0
731.7000 0
731.8000 0
731.9000 0
732.0000 0
732.1000 0
732.2000 0
732.3000 0
732.4000 0
732.5000 0
732.6000 0
732.7000 0
732.8000 0
732.9000 0
733.0000 0
733.1000 0
733.2000 0
733.3000 0
733.4000 0
733.5000 0
733.6000 0
733.7000 0
733.8000 0
733.9000 0
734.0000 0
734.1000 0
734.2000 0
734.3000 0
734.4000 0
734.5000 0
734.6000 0
734.7000 0
734.8000 0
734.9000 0
735.0000 0
735.1000 0
735.2000 0
735.3000 0
735.4000 0
735.5000 0
735.6000 0
735.7000 0
735.8000 0
735.9000 0
736.0000 0
736.1000 0
736.2000 0
736.3000 0
736.4000 0
736.5000 0
736.6000 0
736.7000 0
736.8000 0
736.9000 0
737.0000 0
737.1000 0
737.2000 0
737.3000 0
737.4000 0
737.5000 0
737.6000 0
737.7000 0
737.8000 0
737.9000 0
738.0000 0
738.1000 0
738.2000 0
738.3000 0
738.4000 0
738.5000 0
738.6000 0
738.7000 0
738.8000 0
738.9000 0
739.0000 0
739.1000 0
739.2000 0
739.3000 0
739.4000 0
739.5000 0
739.6000 0
739.7000 0
739.8000 0
739.9000 0
740.0000 0
740.1000 0
740.2000 0
740.3000 0
740.4000 0
740.5000 0
740.6000 0
740.7000 0
740.8000 0
740.9000 0
741.0000 0
741.1000 0
741.2000 0
741.3000 0
741.4000 0
741.5000 0
741.6000 0
741.7000 0
741.8000 0
741.9000 0
742.0000 0
742.1000 0
742.2000 0
742.3000 0
742.4000 0
742.5000 0
742.6000 0
742.7000 0
742.8000 0
742.9000 0
743.0000 0
743.1000 0
743.2000 0
743.3000 0
743.4000 0
743.5000 0
743.6000 0
743.7000 0
743.8000 0
743.9000 0
744.0000 0
744.1000 0
744.2000 0
744.3000 0
744.4000 0
744.5000 0
744.6000 0
744.7000 0
744.8000 0
744.9000 0
745.0000 0
745.1000 0
745.2000 0
745.3000 0
745.4000 0
745.5000 0
745.6000 0
745.7000 0
745.8000 0
745.9000 0
746.0000 0
746.1000 0
746.2000 0
746.3000 0
746.4000 0
746.5000 0
746.6000 0
746.7000 0
746.8000 0
746.9000 0
747.0000 0
747.1000 0
747.2000 0
747.3000 0
747.4000 0
747.5000 0
747.6000 0
747.7000 0
747.8000 0
747.9000 0
748.0000 0
748.1000 0
748.2000 0
748.3000 0
748.4000 0
748.5000 0
748.6000 0
748.7000 0
748.8000 0
748.9000 0
749.0000 0
749.1000 0
749.2000 0
749.3000 0
749.4000 0
749.5000 0
749.6000 0
749.7000 0
749.8000 0
749.9000 0
750.0000 0
750.1000 0
750.2000 0
750.3000 0
750.4000 0
750.5000 0
750.6000 0
750.7000 0
750.8000 0
750.9000 0
751.0000 0
751.1000 0
751.2000 0
751.3000 0
751.4000 0
751.5000 0
751.6000 0
751.7000 0
751.8000 0
751.9000 0
752.0000 0
752.1000 0
752.2000 0
752.3000 0
752.4000 0
752.5000 0
752.6000 0
752.7000 0
752.8000 0
752.9000 0
753.0000 0
753.1000 0
753.2000 0
753.3000 0
753.4000 0
753.5000 0
753.6000 0
753.7000 0
753.8000 0
753.9000 0
754.0000 0
754.1000 0
754.2000 0
754.3000 0
754.4000 0
754.5000 0
754.6000 0
754.7000 0
754.8000 0
754.9000 0
755.0000 0
755.1000 0
755.2000 0
755.3000 0
755.4000 0
755.5000 0
755.6000 0
755.7000 0
755.8000 0
755.9000 0
756.0000 0
756.1000 0
756.2000 0
756.3000 0
756.4000 0
756.5000 0
756.6000 0
756.7000 0
756.8000 0
756.9000 0
757.0000 0
757.1000 0
757.2000 0
757.3000 0
757.4000 0
757.5000 0
757.6000 0
757.7000 0
757.8000 0
757.9000 0
758.0000 0
758.1000 0
758.2000 0
758.3000 0
758.4000 0
758.5000 0
758.6000 0
758.7000 0
758.8000 0
758.9000 0
759.0000 0
759.1000 0
759.2000 0
759.3000 0
759.4000 0
759.5000 0
759.6000 0
759.7000 0
759.8000 0
759.9000 0
760.0000 0
760.1000 0
760.2000 0
760.3000 0
760.4000 0
760.5000 0
760.6000 0
760.7000 0
760.8000 0
760.9000 0
761.0000 0
761.1000 0
761.2000 0
761.3000 0
761.4000 0
761.5000 0
761.6000 0
761.7000 0
761.8000 0
761.9000 0
762.0000 0
762.1000 0
762.2000 0
762.3000 0
762.4000 0
762.5000 0
762.6000 0
762.7000 0
762.8000 0
762.9000 0
763.0000 0
763.1000 0
763.2000 0
763.3000 0
763.4000 0
763.5000 0
763.6000 0
763.7000 0
763.8000 0
763.9000 0
764.0000 0
764.1000 0
764.2000 0
764.3000 0
764.4000 0
764.5000 0
764.6000 0
764.7000 0
764.8000 0
764.9000 0
765.0000 0
765.1000 0
765.2000 0
765.3000 0
765.4000 0
765.5000 0
765.6000 0
765.7000 0
765.8000 0
765.9000 0
766.0000 0
766.1000 0
766.2000 0
766.3000 0
766.4000 0
766.5000 0
766.6000 0
766.7000 0
766.8000 0
766.9000 0
767.0000 0
767.1000 0
767.2000 0
767.3000 0
767.4000 0
767.5000 0
767.6000 0
767.7000 0
767.8000 0
767.9000 0
768.0000 0
768.1000 0
768.2000 0
768.3000 0
768.4000 0
768.5000 0
768.6000 0
768.7000 0
768.8000 0
768.9000 0
769.0000 0
769.1000 0
769.2000 0
769.3000 0
769.4000 0
769.5000 0
769.6000 0
769.7000 0
769.8000 0
769.9000 0
770.0000 0
770.1000 0
770.2000 0
770.3000 0
770.4000 0
770.5000 0
770.6000 0
770.7000 0
770.8000 0
770.9000 0
771.0000 0
771.1000 0
771.2000 0
771.3000 0
771.4000 0
771.5000 0
771.6000 0
771.7000 0
771.8000 0
771.9000 0
772.0000 0
772.1000 0
772.2000 0
772.3000 0
772.4000 0
772.5000 0
772.6000 0
772.7000 0
772.8000 0
772.9000 0
773.0000 0
773.1000 0
773.2000 0
773.3000 0
773.4000 0
773.5000 0
773.6000 0
773.7000 0
773.8000 0
773.9000 0
774.0000 0
774.1000 0
774.2000 0
774.3000 0
774.4000 0
774.5000 0
774.6000 0
774.7000 0
774.8000 0
774.9000 0
775.0000 0
775.1000 0
775.2000 0
775.3000 0
775.4000 0
775.5000 0
775.6000 0
775.7000 0
775.8000 0
775.9000 0
776.0000 0
776.1000 0
776.2000 0
776.3000 0
776.4000 0
776.5000 0
776.6000 0
776.7000 0
776.8000 0
776.9000 0
777.0000 0
777.1000 0
777.2000 0
777.3000 0
777.4000 0
777.5000 0
777.6000 0
777.7000 0
777.8000 0
777.9000 0
778.0000 0
778.1000 0
778.2000 0
778.3000 0
778.4000 0
778.5000 0
778.6000 0
778.7000 0
778.8000 0
778.9000 0
779.0000 0
779.1000 0
779.2000 0
779.3000 0
779.4000 0
779.5000 0
779.6000 0
779.7000 0
779.8000 0
779.9000 0
780.0000 0
780.1000 0
780.2000 0
780.3000 0
780.4000 0
780.5000 0
780.6000 0
780.7000 0
780.8000 0
780.9000 0
781.0000 0
781.1000 0
781.2000 0
781.3000 0
781.4000 0
781.5000 0
781.6000 0
781.7000 0
781.8000 0
781.9000 0
782.0000 0
782.1000 0
782.2000 0
782.3000 0
782.4000 0
782.5000 0
782.6000 0
782.7000 0
782.8000 0
782.9000 0
783.0000 0
783.1000 0
783.2000 0
783.3000 0
783.4000 0
783.5000 0
783.6000 0
783.7000 0
783.8000 0
783.9000 0
784.0000 0
784.1000 0
784.2000 0
784.3000 0
784.4000 0
784.5000 0
784.6000 0
784.7000 0
784.8000 0
784.9000 0
785.0000 0
785.1000 0
785.2000 0
785.3000 0
785.4000 0
785.5000 0
785.6000 0
785.7000 0
785.8000 0
785.9000 0
786.0000 0
786.1000 0
786.2000 0
786.3000 0
786.4000 0
786.5000 0
786.6000 0
786.7000 0
786.8000 0
786.9000 0
787.0000 0
787.1000 0
787.2000 0
787.3000 0
787.4000 0
787.5000 0
787.6000 0
787.7000 0
787.8000 0
787.9000 0
788.0000 0
788.1000 0
788.2000 0
788.3000 0
788.4000 0
788.5000 0
788.6000 0
788.7000 0
788.8000 0
788.9000 0
789.0000 0
789.1000 0
789.2000 0
789.3000 0
789.4000 0
789.5000 0
789.6000 0
789.7000 0
789.8000 0
789.9000 0
790.0000 0
790.1000 0
790.2000 0
790.3000 0
790.4000 0
790.5000 0
790.6000 0
790.7000 0
790.8000 0
790.9000 0
791.0000 0
791.1000 0
791.2000 0
791.3000 0
791.4000 0
791.5000 0
791.6000 0
791.7000 0
791.8000 0
791.9000 0
792.0000 0
792.1000 0
792.2000 0
792.3000 0
792.4000 0
792.5000 0
792.6000 0
792.7000 0
792.8000 0
792.9000 0
793.0000 0
793.1000 0
793.2000 0
793.3000 0
793.4000 0
793.5000 0
793.6000 0
793.7000 0
793.8000 0
793.9000 0
794.0000 0
794.1000 0
794.2000 0
794.3000 0
794.4000 0
794.5000 0
794.6000 0
794.7000 0
794.8000 0
794.9000 0
795.0000 0
795.1000 0
795.2000 0
795.3000 0
795.4000 0
795.5000 0
795.6000 0
795.7000 0
795.8000 0
795.9000 0
796.0000 0
796.1000 0
796.2000 0
796.3000 0
796.4000 0
796.5000 0
796.6000 0
796.7000 0
796.8000 0
796.9000 0
797.0000 0
797.1000 0
797.2000 0
797.3000 0
797.4000 0
797.5000 0
797.6000 0
797.7000 0
797.8000 0
797.9000 0
798.0000 0
798.1000 0
798.2000 0
798.3000 0
798.4000 0
798.5000 0
798.6000 0
798.7000 0
798.8000 0
798.9000 0
799.0000 0
799.1000 0
799.2000 0
799.3000 0
799.4000 0
799.5000 0
799.6000 0
799.7000 0
799.8000 0
799.9000 0
800.0000 0
800.1000 0
800.2000 0
800.3000 0
800.4000 0
800.5000 0
800.6000 0
800.7000 0
800.8000 0
800.9000 0
801.0000 0
801.1000 0
801.2000 0
801.3000 0
801.4000 0
801.5000 0
801.6000 0
801.7000 0
801.8000 0
801.9000 0
802.0000 0
